45038212611146000
2308096050876973089
81629943376642209
36627489690255376
289369882514952194
564071476760576
5189277077375811584
3477344065610580992
5634039348463872
175930652770450
1765428650444892224
3476783586487582784
576958076230304048
198066783184896
18176318906376
72057870124320769
4629983094773981700
5666127569494288
76561228564029472
293859978784022848
283159141285888
5067653391992339
6055657339070056455
432918688975462912
4612882287148210186
21394297790530624
288274356819722273
13532789521518624
145135543296000
644331010588932
3097324797040705
73192849541202368
308742882809875457
77414449065365506
141296925672448
153157606066685968
2883430765499252800
4616190176400705796
112591159989240321
334428564852057216
1171235039066329349
78958198941291264
577973750230880256
4759179181374309889
2341915791072429059
306288789557412130
5201870909233208064
3499337868390746368
291512854249984
577047913373892608
1766335210641195072
1153801131651497984
9297607832895556
36293023441100805
146384584945434625
9016005019836928
72076290164932608
18159163805840
108229331867865104
36117032902853632
440939613323520
6994099039143084544
4683780583578960128
4612820740235068164
