612489688107712643
2612096717411061761
72076286176010240
360305563533322272
36031648877510784
144124052955791872
4647715914991536256
4647715915264172416
1297177435040645249
216524626927292418
577164577192546304
83457880484745216
144396731855931392
257408943511568512
4612248976970978328
37295438709407872
288266110288052224
292735350705537032
2604743583077632
74733256926365696
4629982991694956544
2305984296491451392
145136122499080
8142510325584396548
36029085855522816
4504975091179520
2885466405732608
73503456123949056
73192294333874180
577023710847304848
1970329134170116
649081614122614913
3566855577839607816
72202867087261696
563019243339908
577023874357535297
72198348714547200
1171498870551621656
144688076650713096
18015499396842116
143079319306244
18665309930635264
4611773979894513792
511308374761144352
72770081884798992
2486550017411252228
36046423655710858
4613938369137868801
324259310613824064
72690917184667904
105553384997248
72286305343506688
4909205138679791872
432358759205994624
2306124492780605696
72902020050321664
1298308007649739170
1158595259500889105
4612497458855974978
36609343463883817
54606317822675970
281509438423049
3096233334022533
72058010658406978
